8
40
5
13
29
35
25
20
24
32
36
22
26
13
11
30
5
26
12
28
39
36
26
5
10
7
14
27
7
8
20
38
36
12
26
22
37
29
8
23
34
18
11
19
1
33
10
31
5
12
27
9
22
2
9
9
2
26
7
38
32
35
6
1
6
29
25
13
17
31
28
31
35
9
25
14
10
18
14
32
33
17
3
23
29
17
19
1
40
17
33
17
7
17
21
13
20
10
25
10
39
12
3
3
34
3
40
2
2
18
8
35
22
19
20
6
9
34
38
30
1
38
4
39
34
29
14
19
17
31
15
18
6
35
19
36
37
23
22
5
11
29
1
34
40
3
16
10
4
13
21
14
32
11
29
33
16
4
33
40
12
28
21
28
8
10
12
37
18
28
11
30
30
36
38
19
35
33
18
9
29
27
17
15
18
38
7
15
7
13
27
38
20
32
5
17
36
25
3
24
33
15
20
21
11
29
25
11
23
1
24
25
2
19
15
15
10
39
27
21
26
28
38
6
5
37
37
16
7
31
21
14
2
30
4
9
16
32
4
5
12
24
20
9
33
34
4
1
16
33
35
19
36
6
40
19
24
37
3
34
24
10
16
21
14
28
39
36
16
33
13
27
13
23
6
37
1
28
27
31
